-----------------------------------------
thres: 0.5002928899193648
progan: 100.0  100.0  100.0
thres: 0.999847412109375
cyclegan: 99.9  99.9  99.9
thres: 0.9992189407348633
biggan: 100.0  99.4  99.7
thres: 4.657595854951069e-05
stylegan: 100.0  97.1  98.55
thres: 0.998432993888855
gaugan: 100.0  100.0  100.0
thres: 0.5262151546776295
stargan: 100.0  100.0  100.0
thres: 0.002418691059574485
deepfake: 98.2  93.7  95.95
thres: 0.892815351486206
sitd: 97.0  92.0  94.5
thres: 0.0004463841032702476
san: 96.0  82.0  89.0
thres: 0.9999018907546997
crn: 99.8  99.8  99.8
thres: 0.9999430179595947
imle: 99.8  99.7  99.75
thres: 4.349513255874626e-05
guided: 87.0  89.2  88.1
thres: 0.011746786534786224
ldm_200: 100.0  99.2  99.6
thres: 0.001133577199652791
ldm_200_cfg: 99.7  98.5  99.1
thres: 0.0033982524182647467
ldm_100: 99.9  99.8  99.85
thres: 0.0011845811968669295
glide_100_27: 99.7  98.4  99.05
thres: 0.001386432908475399
glide_50_27: 99.7  99.2  99.45
thres: 0.0010550597216933966
glide_100_10: 99.6  99.2  99.4
thres: 0.0013092183507978916
dalle: 99.7  98.8  99.25
avg: 98.74  98.74  97.94
-----------------------------------------
